Contribution: 2025-12-12T19:15:04.714326 - 6191
Contribution: 2025-12-23T13:35:24.157638 - 7757
Contribution: 2025-12-26T21:42:16.517957 - 8250
